[1,]  -1.2833712 -0.09381378
 [2,] -1.2634498 -0.83640257
 [3,]  0.2146729  0.00307641
 [4,]  0.9469490  0.04197496
 [5,] -1.1750246  0.15433872
 [6,]  2.1104419 -0.21301893
 [7,] -0.5214171  0.15005878
 [8,] -0.9300566  0.03644079
 [9,]  0.4193712  0.03320331
[10,]  1.1111370 -0.19978216

       0.42860107 -1.18640939
 [2,]  1.92485609 -0.68378601
 [3,]  0.30992181 -1.94101515
 [4,] -0.03158589  1.26543996
 [5,]  0.47206596 -2.43423380
 [6,] -0.34216061  0.41936381
 [7,] -1.44201141  0.95672044
 [8,] -0.01944062 -0.41577239
 [9,]  1.41668616  1.76127732
[10,] -0.44635576 -1.42610837
[11,]  0.28240263  0.48025727
[12,]  2.19830256  0.07359607
[13,] -1.44861923 -0.63780390
[14,]  1.75006863 -0.03802815
[15,]  0.25275755  0.71690843

# {(\bold{\bar Y}\textsubscript{m_j} - \bold{\bar Y} )^2 }}
#{(Y\textsubscript{ij} - \bold{\bar Y}\textsubscript{m_j} )^2}} 